5 0.0 0.13352122222222224
6 0.0 0.13381544444444446
7 0.0 0.13288022222222223
8 0.0 0.13707988888888892
9 0.0 0.13807444444444444
10 0.0 0.13609755555555558
11 0.0 0.14040133333333332
12 0.1111111111111111 0.1367508888888889
13 0.0 0.13462044444444443
14 0.0 0.13609622222222223
15 0.0 0.1382132222222222
16 0.0 0.13936355555555555
17 0.0 0.13917744444444444
18 0.0 0.13688088888888889
19 0.0 0.1355878888888889
20 0.0 0.13954644444444445
21 0.0 0.1435811111111111
22 0.0 0.14115266666666665
23 0.0 0.143342
24 0.0 0.13921533333333336
25 0.0 0.13952755555555557
26 0.0 0.13908
27 0.0 0.13756466666666667
28 0.0 0.13847688888888887
29 0.0 0.13802433333333336
5 0.3333333333333333 0.13439199999999996
6 0.0 0.13375888888888887
7 0.0 0.13340966666666668
8 0.0 0.1341162222222222
9 0.0 0.1339032222222222
10 0.0 0.13432244444444444
11 0.0 0.13542866666666667
12 0.0 0.13492266666666666
13 0.0 0.13471399999999997
14 0.0 0.13516677777777777
15 0.0 0.1369001111111111
16 0.0 0.136217
17 0.0 0.13576044444444446
18 0.0 0.13598055555555555
19 0.0 0.13751744444444444
20 0.0 0.13672944444444446
21 0.0 0.13656544444444443
22 0.0 0.13705166666666668
23 0.0 0.13813533333333333
24 0.0 0.13761088888888887
25 0.0 0.13746688888888892
26 0.0 0.13871099999999997
27 0.0 0.1382918888888889
28 0.0 0.13877066666666668
29 0.0 0.13844622222222222
5 0.4444444444444444 0.13429400000000002
6 0.1111111111111111 0.13291211111111112
7 0.0 0.1330568888888889
8 0.0 0.1342041111111111
9 0.0 0.13400099999999998
10 0.0 0.134215
11 0.0 0.13496066666666667
12 0.0 0.13843899999999998
13 0.0 0.1418878888888889
14 0.0 0.14144766666666667
15 0.0 0.14065166666666667
16 0.0 0.14187266666666667
17 0.0 0.13717144444444443
18 0.0 0.1350877777777778
19 0.0 0.13555044444444445
20 0.0 0.13711122222222222
21 0.0 0.1368147777777778
22 0.0 0.14423177777777776
23 0.0 0.13949577777777777
24 0.0 0.14988055555555554
25 0.0 0.14117444444444446
26 0.0 0.13913699999999998
27 0.0 0.13859166666666664
28 0.0 0.14244566666666666
29 0.0 0.13955866666666664
5 0.5555555555555556 0.132944
6 0.0 0.13315233333333332
7 0.0 0.13365133333333334
8 0.0 0.13401844444444444
9 0.0 0.13393255555555555
10 0.0 0.13416744444444445
11 0.0 0.13513477777777774
12 0.0 0.13443444444444444
13 0.0 0.13453122222222225
14 0.0 0.13502444444444445
15 0.0 0.13546355555555556
16 0.0 0.13585866666666668
17 0.0 0.13571833333333333
18 0.0 0.135884
19 0.0 0.13682288888888888
20 0.0 0.13622088888888886
21 0.0 0.13666977777777778
22 0.0 0.13667266666666666
23 0.0 0.1373888888888889
24 0.0 0.13764055555555557
25 0.0 0.13674966666666666
26 0.0 0.13749077777777774
27 0.0 0.13856744444444447
28 0.0 0.137951
29 0.0 0.13791188888888892
5 0.1111111111111111 0.13384411111111114
6 0.0 0.13290355555555555
7 0.0 0.13228533333333334
8 0.0 0.1340252222222222
9 0.0 0.13295777777777779
10 0.0 0.13359144444444443
11 0.0 0.13348122222222225
12 0.0 0.13528477777777778
13 0.0 0.13425888888888887
14 0.0 0.13516755555555557
15 0.0 0.13438877777777777
16 0.0 0.13535033333333335
17 0.0 0.1344707777777778
18 0.0 0.1350762222222222
19 0.0 0.13535066666666667
20 0.0 0.13638177777777777
21 0.0 0.13552855555555554
22 0.0 0.13605899999999999
23 0.0 0.13593955555555556
24 0.0 0.1367801111111111
25 0.0 0.13607000000000002
26 0.0 0.13678666666666667
27 0.0 0.13674333333333333
28 0.0 0.13765677777777777
29 0.0 0.13704922222222224
5 0.2222222222222222 0.1337521111111111
6 0.0 0.13397866666666666
7 0.0 0.13426355555555552
8 0.0 0.13519477777777777
9 0.0 0.13477566666666665
10 0.0 0.135317
11 0.0 0.13549655555555554
12 0.0 0.13623533333333335
13 0.0 0.13584077777777778
14 0.0 0.13666777777777775
15 0.0 0.13620155555555555
16 0.0 0.13796366666666668
17 0.0 0.13787533333333332
18 0.0 0.13796755555555557
19 0.0 0.137265
20 0.0 0.13773155555555555
21 0.0 0.13838111111111112
22 0.0 0.13786055555555554
23 0.0 0.13836533333333334
24 0.0 0.13940166666666665
25 0.0 0.13865800000000003
26 0.0 0.1388948888888889
27 0.0 0.13918155555555556
28 0.0 0.14030555555555557
29 0.0 0.14068800000000004
5 0.1111111111111111 0.13371933333333333
6 0.1111111111111111 0.13427711111111112
7 0.0 0.13485000000000003
8 0.0 0.13502166666666668
9 0.0 0.13462
10 0.0 0.134927
11 0.0 0.13556700000000002
12 0.0 0.13556555555555555
13 0.0 0.13633877777777778
14 0.0 0.13678744444444446
15 0.0 0.13689866666666667
16 0.0 0.13678222222222225
17 0.0 0.13697955555555555
18 0.0 0.13745122222222225
19 0.0 0.13784222222222223
20 0.0 0.13767655555555558
21 0.0 0.13768755555555556
22 0.0 0.13867366666666664
23 0.0 0.13846177777777777
24 0.0 0.13859288888888888
25 0.0 0.13836255555555554
26 0.0 0.13887466666666667
27 0.0 0.1392841111111111
28 0.0 0.13931333333333334
29 0.0 0.13932055555555556
5 0.0 0.13461800000000002
6 0.1111111111111111 0.1347672222222222
7 0.1111111111111111 0.13523955555555556
8 0.0 0.13660733333333333
9 0.0 0.13553877777777779
10 0.0 0.13541311111111112
11 0.0 0.136327
12 0.0 0.13766377777777777
13 0.0 0.13784677777777776
14 0.0 0.1368731111111111
15 0.0 0.13666922222222222
16 0.0 0.13763922222222225
17 0.0 0.13737244444444446
18 0.0 0.13810955555555557
19 0.0 0.137942
20 0.0 0.1388108888888889
21 0.0 0.13900866666666667
22 0.0 0.13915533333333333
23 0.0 0.138846
24 0.0 0.13959500000000002
25 0.0 0.13945955555555553
26 0.0 0.13958677777777778
27 0.0 0.13981000000000002
28 0.0 0.14047255555555557
29 0.0 0.14046211111111112
5 0.15384615384615385 0.13172343589743585
6 0.02564102564102564 0.1319073076923077
7 0.02564102564102564 0.13244092307692307
8 0.0 0.1325401794871795
9 0.0 0.13307217948717948
10 0.0 0.13326592307692306
11 0.0 0.13354148717948716
12 0.0 0.13366858974358972
13 0.0 0.13374097435897433
14 0.0 0.13416207692307694
15 0.0 0.13430623076923076
16 0.0 0.13442389743589742
17 0.0 0.13484384615384615
18 0.0 0.13503453846153843
19 0.0 0.13503125641025637
20 0.0 0.13552982051282053
21 0.0 0.13549143589743587
22 0.0 0.13623497435897436
23 0.0 0.1359610769230769
24 0.0 0.13637846153846153
25 0.0 0.14816800000000002
26 0.0 0.14537987179487183
27 0.0 0.14163779487179484
28 0.0 0.1408362564102564
29 0.0 0.13867312820512823
30 0.0 0.13936492307692305
31 0.0 0.13842515384615384
32 0.0 0.1377849230769231
33 0.0 0.13842548717948713
34 0.0 0.14213638461538458
35 0.0 0.14102428205128203
36 0.0 0.1383303076923077
37 0.0 0.14464843589743587
38 0.0 0.14249943589743588
39 0.0 0.14351853846153842
40 0.0 0.1504631794871795
41 0.0 0.1468709230769231
42 0.0 0.1444928205128205
43 0.0 0.14449769230769233
44 0.0 0.14995148717948714
45 0.0 0.14371494871794874
46 0.0 0.14001300000000003
47 0.0 0.1402522051282051
48 0.0 0.1412324358974359
49 0.0 0.14693317948717943
50 0.0 0.14740258974358975
51 0.0 0.1467317948717949
52 0.02564102564102564 0.14302666666666666
53 0.0 0.14121297435897434
54 0.0 0.14131951282051283
55 0.0 0.14158320512820513
56 0.0 0.14145297435897441
57 0.0 0.1416970512820513
58 0.0 0.14254864102564102
59 0.0 0.14547700000000002
60 0.0 0.14473497435897437
61 0.0 0.14506746153846156
62 0.0 0.14280469230769233
63 0.02564102564102564 0.14328802564102566
64 0.0 0.14311876923076922
65 0.0 0.14325387179487178
66 0.0 0.14380505128205132
67 0.02564102564102564 0.143975717948718
68 0.02564102564102564 0.143944641025641
69 0.05128205128205128 0.1442967435897436
70 0.07692307692307693 0.1444732564102564
71 0.02564102564102564 0.14525702564102566
72 0.02564102564102564 0.14455258974358975
73 0.02564102564102564 0.14477933333333334
74 0.05128205128205128 0.1454497435897436
75 0.02564102564102564 0.1453231794871795
76 0.05128205128205128 0.14530682051282048
77 0.1282051282051282 0.1455305641025641
78 0.02564102564102564 0.14580515384615383
79 0.07692307692307693 0.14588899999999996
80 0.02564102564102564 0.14632617948717952
81 0.05128205128205128 0.14638284615384617
82 0.07692307692307693 0.14646833333333328
83 0.02564102564102564 0.14687241025641026
84 0.05128205128205128 0.14673771794871796
85 0.02564102564102564 0.1475638717948718
86 0.02564102564102564 0.14776338461538463
87 0.07692307692307693 0.1473188717948718
88 0.02564102564102564 0.14767517948717945
89 0.10256410256410256 0.14788715384615386
90 0.05128205128205128 0.14798323076923078
91 0.07692307692307693 0.14960517948717947
92 0.02564102564102564 0.14852323076923077
93 0.07692307692307693 0.148531
94 0.05128205128205128 0.1546638717948718
95 0.10256410256410256 0.1492728205128205
96 0.05128205128205128 0.1493443846153846
97 0.02564102564102564 0.14957317948717946
98 0.07692307692307693 0.1496016666666667
99 0.02564102564102564 0.15009302564102558
