5 0.2222222222222222 0.14918244444444442
6 0.0 0.15690455555555555
7 0.0 0.16954622222222224
8 0.0 0.16906733333333335
9 0.0 0.16933433333333334
10 0.0 0.17051566666666665
11 0.0 0.17033022222222222
12 0.0 0.17046788888888892
13 0.0 0.17159022222222223
14 0.0 0.1730356666666667
15 0.0 0.1696388888888889
16 0.0 0.17029011111111111
17 0.0 0.17243377777777777
18 0.0 0.17095988888888888
19 0.0 0.16861444444444443
20 0.0 0.17007766666666668
21 0.0 0.17129522222222224
22 0.0 0.17135744444444445
23 0.0 0.17132255555555556
24 0.0 0.17193933333333333
25 0.0 0.17222566666666664
26 0.0 0.1767933333333333
27 0.0 0.17237477777777777
28 0.0 0.1755841111111111
29 0.0 0.1711391111111111
5 0.0 0.14547433333333334
6 0.1111111111111111 0.15049966666666667
7 0.0 0.1687937777777778
8 0.0 0.1696861111111111
9 0.0 0.17322688888888887
10 0.0 0.17201688888888889
11 0.0 0.16710088888888888
12 0.0 0.17019811111111113
13 0.0 0.171448
14 0.0 0.16850222222222222
15 0.0 0.17221522222222221
16 0.0 0.17057099999999997
17 0.0 0.1719968888888889
18 0.0 0.17387755555555556
19 0.0 0.16992577777777781
20 0.0 0.17139177777777775
21 0.0 0.1712448888888889
22 0.0 0.1702068888888889
23 0.0 0.17208822222222225
24 0.0 0.17042988888888888
25 0.0 0.1707801111111111
26 0.0 0.17093377777777777
27 0.0 0.169529
28 0.0 0.17177688888888887
29 0.0 0.17158722222222222
5 0.0 0.1456351111111111
6 0.0 0.15447255555555556
7 0.0 0.166485
8 0.0 0.16910488888888892
9 0.0 0.168454
10 0.0 0.16600822222222222
11 0.0 0.17058633333333334
12 0.0 0.1714081111111111
13 0.0 0.16987077777777781
14 0.0 0.16845177777777776
15 0.0 0.16802133333333333
16 0.0 0.17242166666666667
17 0.0 0.17129577777777777
18 0.0 0.17014544444444446
19 0.0 0.1696867777777778
20 0.0 0.16957188888888888
21 0.0 0.16899366666666668
22 0.0 0.16927799999999998
23 0.0 0.1696078888888889
24 0.0 0.1714657777777778
25 0.0 0.16949611111111113
26 0.0 0.17132666666666665
27 0.0 0.16960755555555554
28 0.0 0.17017288888888887
29 0.0 0.17187233333333335
5 0.1111111111111111 0.14550177777777776
6 0.0 0.15547711111111112
7 0.0 0.16540933333333335
8 0.0 0.16668855555555556
9 0.0 0.17098733333333335
10 0.0 0.16871922222222224
11 0.0 0.16874433333333333
12 0.0 0.17130166666666666
13 0.0 0.16806800000000002
14 0.0 0.17025066666666666
15 0.0 0.1695763333333333
16 0.0 0.1694158888888889
17 0.0 0.17119722222222222
18 0.0 0.16979966666666668
19 0.0 0.1693717777777778
20 0.0 0.17007233333333333
21 0.0 0.16934922222222223
22 0.0 0.17152555555555554
23 0.0 0.16966922222222222
24 0.0 0.1694588888888889
25 0.0 0.17142622222222226
26 0.0 0.1705087777777778
27 0.0 0.17090211111111112
28 0.0 0.17298199999999997
29 0.0 0.17047177777777778
5 0.1111111111111111 0.14390833333333333
6 0.0 0.14994522222222223
7 0.0 0.16230055555555556
8 0.0 0.16590977777777777
9 0.0 0.17305800000000002
10 0.0 0.16735066666666665
11 0.0 0.1679678888888889
12 0.0 0.16843411111111112
13 0.0 0.17170477777777776
14 0.0 0.16795355555555555
15 0.0 0.17085699999999998
16 0.0 0.1672122222222222
17 0.0 0.16854977777777774
18 0.0 0.168377
19 0.0 0.1679548888888889
20 0.0 0.16942544444444443
21 0.0 0.16946866666666666
22 0.0 0.16857433333333335
23 0.0 0.1684772222222222
24 0.0 0.16966044444444445
25 0.0 0.16848522222222223
26 0.0 0.16973455555555556
27 0.0 0.17020166666666667
28 0.0 0.1694621111111111
29 0.0 0.1699426666666667
5 3.111111111111111 0.1389352222222222
6 2.0 0.14172277777777775
7 0.7777777777777778 0.14434455555555556
8 0.0 0.14946022222222222
9 0.1111111111111111 0.15328255555555556
10 0.0 0.16050488888888886
11 0.0 0.17388099999999998
12 0.0 0.18694077777777773
13 0.0 0.18740844444444443
14 0.0 0.191777
15 0.0 0.1939616666666667
16 0.0 0.19934988888888888
17 0.0 0.19663333333333333
18 0.0 0.1978551111111111
19 0.0 0.19998344444444446
20 0.0 0.1994261111111111
21 0.0 0.2054147777777778
22 0.0 0.20672333333333331
23 0.0 0.20518633333333336
24 0.0 0.206505
25 0.0 0.2064822222222222
26 0.0 0.20454455555555554
27 0.0 0.20806366666666665
28 0.0 0.2118147777777778
29 0.0 0.20893677777777775
5 1.1111111111111112 0.13892633333333335
6 1.0 0.1414602222222222
7 0.2222222222222222 0.14424022222222221
8 0.0 0.147235
9 0.2222222222222222 0.1522251111111111
10 0.0 0.15621300000000002
11 0.0 0.15928055555555554
12 0.0 0.16682566666666665
13 0.0 0.17807
14 0.0 0.1779708888888889
15 0.0 0.1827308888888889
16 0.0 0.18297688888888888
17 0.0 0.18015855555555552
18 0.0 0.18534844444444445
19 0.0 0.18888400000000002
20 0.0 0.18818255555555558
21 0.0 0.18819744444444444
22 0.0 0.19011344444444447
23 0.0 0.188012
24 0.0 0.18888277777777776
25 0.0 0.18972922222222222
26 0.0 0.19062800000000002
27 0.0 0.19180011111111112
28 0.0 0.19104077777777773
29 0.0 0.19231311111111107
5 2.888888888888889 0.13984600000000003
6 1.0 0.14306777777777777
7 0.0 0.1445157777777778
8 0.0 0.1488218888888889
9 0.2222222222222222 0.15216233333333332
10 0.0 0.157673
11 0.0 0.16047633333333333
12 0.0 0.16648666666666667
13 0.0 0.176481
14 0.0 0.18278566666666662
15 0.0 0.18121877777777778
16 0.0 0.18614822222222224
17 0.0 0.1858228888888889
18 0.0 0.18595633333333333
19 0.0 0.1865201111111111
20 0.0 0.18583011111111108
21 0.0 0.18819555555555556
22 0.0 0.191469
23 0.0 0.192453
24 0.0 0.1904801111111111
25 0.0 0.19016711111111112
26 0.0 0.19264744444444445
27 0.0 0.19353911111111108
28 0.0 0.19480822222222222
29 0.0 0.19278022222222224
5 1.1282051282051282 0.1366923076923077
6 1.0256410256410255 0.13879153846153844
7 0.5384615384615384 0.14173164102564104
8 0.07692307692307693 0.14583789743589742
9 0.05128205128205128 0.14898694871794868
10 0.10256410256410256 0.15378253846153847
11 0.0 0.1589157435897436
12 0.05128205128205128 0.1629861025641026
13 0.0 0.16728751282051282
14 0.0 0.1722859487179487
15 0.0 0.1776007435897436
16 0.0 0.1793894102564102
17 0.0 0.18063810256410257
18 0.0 0.18147192307692306
19 0.0 0.1840388461538462
20 0.0 0.1838523333333333
21 0.0 0.18234953846153848
22 0.0 0.1839552307692308
23 0.0 0.18537015384615385
24 0.0 0.18616771794871795
25 0.0 0.18489410256410252
26 0.0 0.18562271794871796
27 0.0 0.18590879487179485
28 0.0 0.186062641025641
29 0.0 0.18663812820512815
30 0.0 0.1868005641025641
31 0.0 0.18560089743589744
32 0.0 0.18529235897435897
33 0.0 0.18479346153846157
34 0.0 0.18358341025641023
35 0.0 0.18359005128205128
36 0.0 0.18172705128205127
37 0.0 0.18170751282051278
38 0.0 0.18078707692307694
39 0.0 0.18026510256410258
40 0.0 0.17983271794871789
41 0.0 0.1796456410256411
42 0.0 0.17873130769230766
43 0.0 0.17866387179487178
44 0.0 0.17859092307692304
45 0.0 0.17826938461538464
46 0.0 0.17777323076923077
47 0.0 0.17789984615384613
48 0.0 0.17766230769230765
49 0.0 0.17731961538461535
50 0.0 0.17633484615384615
51 0.0 0.17649397435897432
52 0.02564102564102564 0.17622543589743592
53 0.0 0.17546738461538455
54 0.0 0.17588707692307698
55 0.0 0.1755723846153846
56 0.0 0.17553769230769234
57 0.02564102564102564 0.17610797435897438
58 0.0 0.17532143589743585
59 0.05128205128205128 0.17663053846153848
60 0.0 0.17607764102564105
61 0.0 0.17553341025641025
62 0.02564102564102564 0.17492510256410254
63 0.0 0.17439638461538462
64 0.02564102564102564 0.1747125897435897
65 0.05128205128205128 0.17494471794871796
66 0.0 0.17390556410256414
67 0.07692307692307693 0.17398882051282052
68 0.10256410256410256 0.1741845641025641
69 0.07692307692307693 0.173818717948718
70 0.07692307692307693 0.17374820512820513
71 0.0 0.17319538461538458
72 0.02564102564102564 0.17329364102564102
73 0.02564102564102564 0.17323433333333335
74 0.0 0.17472576923076924
75 0.05128205128205128 0.17385692307692308
76 0.0 0.17299302564102562
77 0.10256410256410256 0.17349061538461538
78 0.05128205128205128 0.1737822307692308
79 0.1794871794871795 0.1725774615384616
80 0.05128205128205128 0.17325379487179488
81 0.1794871794871795 0.17282089743589749
82 0.07692307692307693 0.17261556410256412
83 0.07692307692307693 0.1729252307692308
84 0.05128205128205128 0.17249769230769227
85 0.10256410256410256 0.17257943589743593
86 0.02564102564102564 0.1727496923076923
87 0.05128205128205128 0.1722035384615385
88 0.20512820512820512 0.17225520512820514
89 0.07692307692307693 0.17320430769230766
90 0.20512820512820512 0.17252694871794874
91 0.15384615384615385 0.17269366666666658
92 0.1282051282051282 0.17305615384615386
93 0.3076923076923077 0.1719658461538462
94 0.07692307692307693 0.17247143589743588
95 0.1794871794871795 0.1723235128205128
96 0.05128205128205128 0.17280356410256412
97 0.15384615384615385 0.1731368461538462
98 0.1794871794871795 0.17165430769230766
99 0.10256410256410256 0.17206210256410256
